City 0 161.508495655309 232.754827286294 0 
City 16 34.9510321697184 311.856742266553 0 
City 6 62.1164984962102 218.569973395018 0 
City 18 64.1889157325219 197.243682598022 0 
City 12 147.477671100729 157.755740863334 0 
City 13 132.312622596134 97.6696490998078 0 
City 11 134.287019912283 49.6399891630153 0 
City 1 192.566742609263 79.3539642371171 0 
City 3 231.284533072165 47.0214583210554 0 
City 17 290.432436137698 11.9023933134313 0 
City 10 255.929493065162 172.234654515098 0 
City 2 330.312457553034 158.945978818187 0 
City 15 450.666672830899 133.460850047358 0 
City 7 364.899417044522 279.734279692025 0 
City 5 417.437988720472 361.97282752917 0 
City 19 218.345931140578 454.545454545455 0 
City 14 158.105810040355 440.066540893691 0 
City 4 156.257439646786 329.206236017135 0 
City 8 172.234654515098 266.613641421323 0 
City 9 208.557960978783 243.593009567454 0 
